[gd_scene load_steps=16 format=3 uid="uid://bmyf7f501pkuo"]

[ext_resource type="Script" path="res://scripts/ded.gd" id="1_shcmx"]
[ext_resource type="PackedScene" uid="uid://cqtyh0ki2darr" path="res://assets/player/player.tscn" id="2_1410l"]
[ext_resource type="Texture2D" uid="uid://co8qu0ls7wet6" path="res://assets/skybox_material/Spacebox.png" id="3_ng27p"]
[ext_resource type="PackedScene" uid="uid://cedvs0kn462ks" path="res://scenes/bubble.tscn" id="4_cxysc"]
[ext_resource type="PackedScene" uid="uid://csihci1noles1" path="res://scenes/capsule.tscn" id="6_8dtak"]
[ext_resource type="Script" path="res://scripts/fade_in.gd" id="7_fj4r7"]
[ext_resource type="Script" path="res://scripts/color_rect.gd" id="8_4j8jt"]
[ext_resource type="PackedScene" path="res://scenes/spawn.tscn" id="9_37dyf"]
[ext_resource type="PackedScene" uid="uid://14x5k7defuvp" path="res://assets/terrain/pedrolos/pedrolo1.glb" id="9_bnpp5"]
[ext_resource type="PackedScene" uid="uid://dv13m7ean1ox3" path="res://assets/terrain/escombros/escombro1.glb" id="10_x2dvg"]
[ext_resource type="PackedScene" uid="uid://bnkftp6n2lbyg" path="res://assets/terrain/escombros/escombrao.glb" id="11_p1o7x"]
[ext_resource type="PackedScene" uid="uid://cgghca83h2g4l" path="res://assets/terrain/escombros/escombro4.glb" id="12_m0mgq"]

[sub_resource type="PanoramaSkyMaterial" id="PanoramaSkyMaterial_q3n03"]
panorama = ExtResource("3_ng27p")

[sub_resource type="Sky" id="Sky_w2exd"]
sky_material = SubResource("PanoramaSkyMaterial_q3n03")

[sub_resource type="Environment" id="Environment_5w4k4"]
background_mode = 2
sky = SubResource("Sky_w2exd")

[node name="Node3D2" type="Node3D"]
script = ExtResource("1_shcmx")

[node name="Player" parent="." instance=ExtResource("2_1410l")]
transform = Transform3D(1, 0, 0, 0, 1, 0, 0, 0, 1, 0, 1.95113, -1.73172)

[node name="WorldEnvironment" type="WorldEnvironment" parent="."]
environment = SubResource("Environment_5w4k4")

[node name="Bubble" parent="." instance=ExtResource("4_cxysc")]
transform = Transform3D(1, 0, 0, 0, 1, 0, 0, 0, 1, -3.47164, 3.37976, -17.4027)

[node name="Capsule" parent="." instance=ExtResource("6_8dtak")]
transform = Transform3D(1, 0, 0, 0, 1, 0, 0, 0, 1, -3.1958, -1.13151, -33.7224)

[node name="FadeIn" type="ColorRect" parent="."]
visible = false
anchors_preset = 15
anchor_right = 1.0
anchor_bottom = 1.0
grow_horizontal = 2
grow_vertical = 2
color = Color(0.0962047, 0.0962048, 0.0962047, 1)
script = ExtResource("7_fj4r7")

[node name="FadeOut" type="ColorRect" parent="."]
anchors_preset = 15
anchor_right = 1.0
anchor_bottom = 1.0
grow_horizontal = 2
grow_vertical = 2
color = Color(0.0962047, 0.0962048, 0.0962047, 1)
script = ExtResource("8_4j8jt")
fade_duration = 0.8

[node name="Capsule2" parent="." instance=ExtResource("9_37dyf")]
transform = Transform3D(0.883717, 0, 0.468022, 0, 1, 0, -0.468022, 0, 0.883717, 0.40853, 1.12808, -1.62507)

[node name="pedrolo1" parent="." instance=ExtResource("9_bnpp5")]
transform = Transform3D(0.562141, 0, -0.827041, 0, 1, 0, 0.827041, 0, 0.562141, -0.477261, -6.46173, -5.5275)

[node name="pedrolo2" parent="." instance=ExtResource("9_bnpp5")]
transform = Transform3D(0.562141, 0, -0.827041, -0.814293, 0.174903, -0.553476, 0.144652, 0.984586, 0.0983201, -0.477261, 0.235797, 6.62557)

[node name="escombro1" parent="." instance=ExtResource("10_x2dvg")]
transform = Transform3D(1, 0, 0, 0, 1, 0, 0, 0, 1, -3.43156, 0.165004, -11.6404)

[node name="escombrao" parent="." instance=ExtResource("11_p1o7x")]
transform = Transform3D(-0.0540383, 0.134765, 0.989403, -0.972149, -0.233391, -0.021306, 0.228047, -0.962999, 0.143624, 5.31462, 1.44956, -4.82809)

[node name="escombrao2" parent="." instance=ExtResource("11_p1o7x")]
transform = Transform3D(-0.0757631, 0.156473, 1.40592, -1.36298, -0.270986, -0.0302753, 0.319728, -1.11812, 0.204086, 2.42757, 0.880401, -9.11076)

[node name="escombro4" parent="." instance=ExtResource("12_m0mgq")]
transform = Transform3D(-0.999885, 0, 0.0151315, 0, 1, 0, -0.0151315, 0, -0.999885, -2.93349, -1.32732, -27.981)
